$ANSIBLE_VAULT;1.1;AES256
64313038333966346232396533663431656162303564306661326434663562653361626162376161
3238386663633065396633333963373134333030323332630a373135623361386234633463373539
64376238633930346634383034303433333931633163303164316535303538363835666230656564
3661636164373965320a383638346630373833343061656338333462393730636335363762383239
39336164386636613233643566363133326163633866323931343638336438303534383765633231
63343030653137353633353638336238353762373665323564393064663433666331363137353435
37303266303761636631323664383661626437356131346230393535326134316233393337323637
63643363393539393665366562623137313434396363633561616635396563343562313238663831
65613636386237316532386161383936623830396564386366386261353337646531336436336331
33386662383934663363333837646439623164393838353066313961376566386230383634353530
62343761373562643762376138663437623936663430363762376136313032353336376133303761
62376366623465363231653130643532323266376333656337613865636635383034636464306262
62306362343334303930616166646435343334666238343063336131353164343930313066326464
36356436356130313232353763373534306431396635613764346535383439323532373666393961
30663364613331666632643730383335616435386566363632366538353635366466386566396462
61353035666362306666323562633533633733313539643563663531313064663361396561323861
61353232353166383235356662336231646461663162653134383038323263383836613431663832
66386631323736646537633639363632306535616334353639666139336162636332356635383465
66353731656336316230326265336162613131303664613535363931363432613264656433373764
64356566663165636136343335333561613636663037393833636261633666663333656662383639
32333761323966356364613836616634343638326636656139336238303535393932653134346532
62383032326231313238643831313536393131323339633863316662646138643339626530356333
37303130396231303939353563333930323730363864356463363536313333326335376336326165
64366131343033323537396536623434346261653965386162343637326362656132646263323236
38623731363366353061656562386533383462656635386664626261383837383661623636643632
32373732616536343936346666323537346332613364356262623661613563623965613562656361
35323832646565346137643636616464353933623039643032613633383331386264643636303832
39336466373236663163
